MAE:2.996224616769023
MSE:27.291662292767118
EVS:0.9291721173823935
