MAE:3.54672083681431
MSE:29.199399484537885
EVS:0.9345629521798974
