MAE:9.308046218869123
MSE:131.96505441801466
EVS:0.12967608491284754
