MAE:2.969402916484937
MSE:26.546156183658066
EVS:0.9310507939095036
