MAE:9.936340257986629
MSE:146.17787901083466
EVS:0.11921396418061658
