MAE:3.5611154488966443
MSE:30.054600775135835
EVS:0.9319316134208834
